        x            y             z             Afi
-1.050000e-002 +2.500000e-003 +0.000000e+000 -4.4393285e-003
-5.900000e-003 +3.600000e-003 +0.000000e+000 -2.5564342e-003
-2.600000e-003 +1.700000e-003 +0.000000e+000 -1.0892332e-003
+2.500000e-003 +1.700000e-003 +0.000000e+000 +1.0235923e-003
+8.800000e-003 +2.400000e-003 +0.000000e+000 +3.6602647e-003
        x            y             z             |B|
-1.050000e-002 +2.500000e-003 +0.000000e+000 +7.8584732e-001
-5.900000e-003 +3.600000e-003 +0.000000e+000 +8.8832932e-001
-2.600000e-003 +1.700000e-003 +0.000000e+000 +8.7035572e-001
+2.500000e-003 +1.700000e-003 +0.000000e+000 +7.6855832e-001
+8.800000e-003 +2.400000e-003 +0.000000e+000 +8.5470952e-001
        x            y             z             Br
-1.050000e-002 +2.500000e-003 +0.000000e+000 -1.9176252e-001
-5.900000e-003 +3.600000e-003 +0.000000e+000 -1.6861563e-001
-2.600000e-003 +1.700000e-003 +0.000000e+000 -8.3739520e-005
+2.500000e-003 +1.700000e-003 +0.000000e+000 +3.3156203e-005
+8.800000e-003 +2.400000e-003 +0.000000e+000 +1.7595356e-002
        x            y             z             Bz
-1.050000e-002 +2.500000e-003 +0.000000e+000 +7.6209130e-001
-5.900000e-003 +3.600000e-003 +0.000000e+000 +8.7217989e-001
-2.600000e-003 +1.700000e-003 +0.000000e+000 +8.7035571e-001
+2.500000e-003 +1.700000e-003 +0.000000e+000 +7.6855832e-001
+8.800000e-003 +2.400000e-003 +0.000000e+000 +8.5452839e-001
