18
-8.00e-2      -6.5e-2    0e-2      8.5e-2      1      0      1
-6.5e-2    -2.5e-2    0e-2      3e-2      1000   0      2
-6.5e-2     6.5e-2    7e-2      8.5e-2      1      0      1
-6.5e-2     6.5e-2    3e-2      7e-2      1000   0      2
6.5e-2      8.00e-2   0e-2      8.5e-2      1      0      1
2.5e-2      6.5e-2    0e-2      3e-2      1000   0      2
-2.5e-2     2.5e-2    0e-2      0.3e-2    1      0      1
-1.0e-2     1.0e-2    0.3e-2    3e-2      1000   0      2
-2.5e-2    -1.0e-2    0.3e-2    1.75e-2   1      0      1
1.0e-2      2.5e-2    0.3e-2    1.75e-2   1      0      1
-2.25e-2   -1.25e-2   1.75e-2   2.75e-2   1      -10e6   3
1.25e-2     2.25e-2   1.75e-2   2.75e-2   1     10e6   4
-2.5e-2    -1.0e-2    2.75e-2   3e-2      1      0      1
1.0e-2      2.5e-2    2.75e-2   3e-2      1      0      1
-2.5e-2    -2.25e-2   1.75e-2   2.75e-2   1      0      1
-1.25e-2   -1.0e-2    1.75e-2   2.75e-2   1      0      1
1.0e-2      1.25e-2   1.75e-2   2.75e-2   1      0      1
2.25e-2     2.5e-2    1.75e-2   2.75e-2   1      0      1
-8.00e-2 11
-6.5e-2	-2.5e-2	-2.25e-2	-1.25e-2	-1.0e-2	1.0e-2	1.25e-2	2.25e-2	2.5e-2	6.5e-2	8.00e-2
0.02	0.004	0.004		0.002 		0.001 	0.002 	0.001 	0.003 	0.002 	0.004	0.02
1.4 	1.2 	1.001 	        1.00001	        1.00001 1.00001 1.00001 1.001	1.00001 	1.2 	1.4
-1 -1 -1 -1 1 1 1 1 1 1 1
0.0 6
0.3e-2 		1.75e-2 	2.75e-2 	3.0e-2 		7.0e-2 		8.5e-2
0.0015		0.0018 		0.002 		0.006 		0.004 		0.02
1.0000001 	1.05 	1.01 		1.25 		1.1 		1.2
1 			1 			1 			1 			1 			1
1 1